  1     7     0     0
     2     6     0     5
     3     3     3     3
     4     6     4     1
     5     2     5     0
     6     7     7     4
     7     3     7     5
     8     6     6     0
     9     6     4     6
    10     6     3     5
    11     3     0     4
    12     1     6     5
    13     7     1     0
    14     2     3     0
    15     6     5     3
    16     0     7     5
    17     6     4     5
    18     6     3     6
    19     5     6     2
    20     2     3     7
    21     0     5     7
    22     0     0     3
    23     5     2     5
    24     7     1     6
    25     6     1     4
     1     4     0     1
     2     1     4     4
     3     6     1     3
     4     4     4     0
     5     1     2     4
     6     7     6     5
     7     7     2     5
     8     2     0     2
     9     5     4     6
    10     1     3     6
    11     4     4     2
    12     5     3     0
    13     0     0     2
    14     0     7     5
    15     5     6     4
    16     3     7     5
    17     7     0     3
    18     6     3     4
    19     0     5     7
    20     6     6     3
    21     3     1     7
    22     0     4     4
    23     4     4     3
    24     4     5     3
    25     3     7     2
     1     7     4     0
     2     1     7     7
     3     0     3     1
     4     5     2     2
     5     2     4     6
     6     7     3     1
     7     4     4     7
     8     3     5     3
     9     7     3     4
    10     4     2     6
    11     6     0     3
    12     0     7     6
    13     0     1     1
    14     0     4     3
    15     5     7     0
    16     0     3     4
    17     6     3     7
    18     1     5     2
    19     3     4     4
    20     2     7     2
    21     4     4     6
    22     7     1     5
    23     2     7     5
    24     7     3     0
    25     4     1     4
     1     2     1     7
     2     6     3     2
     3     7     0     3
     4     7     5     5
     5     5     7     1
     6     1     4     4
     7     1     1     3
     8     5     7     4
     9     1     5     2
    10     3     6     7
    11     6     6     7
    12     2     5     4
    13     2     7     7
    14     7     4     2
    15     1     3     5
    16     0     6     7
    17     1     3     6
    18     0     6     1
    19     6     5     5
    20     4     4     3
    21     1     7     2
    22     7     6     2
    23     6     0     0
    24     1     5     7
    25     2     5     0